# The mean values of the components (in mm)
210
1
6
-73.406127 
-72.781916 
-70.554960 
-66.904802 
-59.880888 
-48.469978 
-34.199689 
-17.911913 
0.080564 
17.460363 
32.623925 
46.353922 
57.328456 
64.377366 
68.196502 
70.458916 
71.337301 
-61.166251 
-51.322566 
-37.823028 
-24.022278 
-11.616095 
12.052331 
25.104784 
38.338621 
51.205765 
60.085566 
0.691097 
0.866224 
1.078008 
1.337257 
-14.717670 
-7.120806 
0.620661 
8.339612 
15.280014 
-46.075559 
-37.697702 
-27.901792 
-19.653391 
-28.286910 
-38.102743 
19.256117 
27.883535 
37.422940 
45.158977 
38.185794 
28.756465 
-28.945665 
-17.535107 
-6.662018 
0.409150 
8.409928 
18.896926 
28.794981 
19.065401 
8.972833 
0.392101 
-7.425493 
-18.180134 
-24.406531 
-6.881546 
0.365080 
8.475130 
24.480037 
8.473248 
0.224131 
-7.186470 
-32.864475 
32.207547 
-29.903481 
-11.049695 
7.855746 
26.055016 
42.615329 
56.568677 
67.320815 
75.080445 
77.045249 
74.718525 
66.871593 
56.242331 
42.353299 
25.393922 
6.938355 
-11.707640 
-30.389195 
-49.353423 
-58.741048 
-61.960572 
-61.013753 
-56.706765 
-57.383146 
-61.863978 
-62.732374 
-59.278320 
-50.202250 
-42.230876 
-31.044219 
-20.009479 
-8.494227 
2.553771 
4.706081 
6.515434 
4.614907 
2.599233 
-37.452368 
-42.702865 
-42.686673 
-36.747276 
-35.118832 
-34.899841 
-37.027958 
-43.330178 
-43.092112 
-38.080287 
-35.521874 
-35.478729 
28.662477 
22.215674 
19.050225 
20.740751 
19.057895 
22.416873 
28.084579 
36.332583 
39.679001 
40.439833 
39.881099 
36.740454 
28.733932 
25.488523 
26.024912 
25.338281 
28.332240 
30.625103 
31.437197 
30.873079 
-37.099822 
-37.554123 
47.017333 
45.263098 
44.330763 
42.929983 
38.825348 
31.143976 
18.765907 
3.655658 
-1.048146 
4.870717 
18.772405 
30.336774 
37.238323 
40.532353 
41.983411 
43.889628 
46.960332 
14.241681 
7.392394 
0.635079 
-6.460783 
-11.996020 
-11.929036 
-7.064653 
-0.750972 
5.494894 
11.535589 
-13.541967 
-21.389870 
-29.602683 
-37.348132 
-20.359634 
-23.766170 
-26.172880 
-23.905071 
-21.036580 
7.122522 
3.175771 
1.504910 
-0.048581 
-0.045709 
1.582973 
-0.617182 
0.336528 
1.825882 
4.950546 
0.373820 
-1.113594 
-1.966864 
-15.669041 
-22.455029 
-23.604295 
-22.570849 
-15.447027 
-3.166388 
-14.772966 
-22.291512 
-23.324891 
-22.128829 
-14.762168 
-4.472433 
-20.784646 
-22.125808 
-20.930423 
-5.639140 
-20.498563 
-21.729380 
-20.150682 
3.536971 
2.166682 
# The principal components (eigenvectors) of identity or combined identity and expression model
210
34
6
-0.011444 -0.099375 0.041528 0.200999 0.107742 0.028578 -0.091086 0.036489 -0.045277 0.095798 -0.029884 0.057012 0.048353 -0.072198 0.024808 -0.013517 -0.113349 -0.071528 -0.042891 0.011817 0.021547 -0.003957 -0.120659 0.074287 -0.004808 -0.127073 0.130441 -0.022677 -0.110768 -0.059360 0.084713 0.015326 -0.000762 0.266756 
-0.005646 -0.081183 0.039990 0.198614 0.072909 0.036360 -0.098135 0.047758 0.000820 0.075173 0.002213 0.051216 0.039450 0.015568 0.075886 -0.033489 -0.028767 -0.074362 -0.079151 0.010759 0.019733 0.014908 -0.071731 0.027667 0.052350 -0.131646 0.092517 -0.061534 -0.061206 -0.063419 0.090570 -0.052886 0.009713 0.199877 
-0.003901 -0.059761 0.030135 0.213560 0.031214 0.047240 -0.076697 0.065876 0.029051 0.026558 0.024601 0.055049 0.025562 0.088812 0.108307 -0.024161 0.060927 -0.056801 -0.096410 -0.013180 0.010437 0.035351 -0.014888 0.002220 0.055875 -0.094412 0.050879 -0.058164 -0.036529 -0.075465 0.074253 -0.068950 0.054854 0.072391 
-0.006320 -0.036610 0.025725 0.226034 -0.023949 0.051952 -0.037223 0.068541 0.017095 -0.035353 0.024457 0.050414 0.028168 0.098714 0.082782 -0.011119 0.105859 -0.037933 -0.054074 -0.071596 -0.000436 0.074716 0.066188 -0.048127 0.023302 0.001949 0.037226 -0.060618 -0.050857 -0.079370 0.028486 -0.034024 0.117453 -0.015754 
-0.005661 0.015281 0.037215 0.205861 -0.091341 0.063672 0.005699 0.054984 -0.009783 -0.117996 0.029429 0.045454 0.041361 0.090900 0.010859 -0.012090 0.087912 -0.062953 0.018949 -0.123632 0.023251 0.075229 0.138569 -0.076472 -0.052462 0.125620 0.060483 -0.058385 -0.058214 -0.023155 -0.063688 -0.024623 0.173983 -0.088878 
-0.000762 0.069602 0.044125 0.150078 -0.148984 0.067664 0.045755 0.047046 -0.038952 -0.182479 0.029121 0.042216 0.058952 0.090198 -0.078608 -0.027658 -0.002229 -0.057428 0.068064 -0.126842 0.092443 0.023240 0.144576 -0.047587 -0.067643 0.167199 0.076833 -0.003257 -0.028900 0.022741 -0.125179 -0.022554 0.148468 -0.120978 
0.021217 0.091650 0.040453 0.081346 -0.162923 0.044101 0.082944 0.054544 -0.053289 -0.178584 0.015177 0.009970 0.090995 0.046729 -0.128751 -0.006394 -0.090001 0.036481 0.074221 -0.060112 0.132354 -0.037428 -0.015877 0.018657 -0.012451 0.111620 0.073450 0.060201 0.037921 0.074307 -0.132405 -0.007047 0.021616 -0.130972 
0.025766 0.081349 0.019519 0.028953 -0.107033 0.011390 0.088120 0.070076 -0.042569 -0.126919 0.017588 -0.059465 0.046669 0.003227 -0.146545 0.065186 -0.123744 0.154346 0.086276 0.045935 0.174350 -0.085441 -0.191579 0.013396 0.136370 0.003949 0.001519 0.073373 0.047120 0.043243 -0.086591 0.003636 -0.049757 -0.087382 
0.029133 0.082029 0.005314 -0.003822 -0.026454 -0.015634 0.056658 0.075437 -0.020535 -0.021548 0.015858 -0.104285 0.006153 -0.035245 -0.106601 0.114786 -0.100402 0.234213 0.070785 0.068532 0.107538 -0.009916 -0.208243 -0.031463 0.184509 -0.012936 -0.077990 0.043225 0.008467 -0.009814 -0.039446 0.064652 0.001171 0.019985 
0.030503 0.090478 -0.011319 -0.038235 0.062334 -0.032440 0.011644 0.053476 0.001562 0.094377 0.002821 -0.108215 -0.012480 -0.053142 -0.047728 0.101363 -0.042843 0.242469 0.022022 0.059079 0.035870 0.109771 -0.116224 -0.061858 0.134291 0.024313 -0.121706 -0.012941 0.011496 -0.015202 -0.000811 0.110757 0.107412 0.103941 
0.031769 0.082083 -0.036157 -0.091951 0.118396 -0.045987 -0.018996 0.030642 0.026433 0.153035 -0.004492 -0.101025 -0.050472 -0.029048 0.012070 0.060175 0.013018 0.179682 -0.046724 0.026260 -0.038467 0.130033 -0.012992 -0.033087 0.023822 0.079451 -0.102934 -0.070036 0.023650 -0.028195 0.016332 0.052677 0.221913 0.089428 
0.035516 0.044354 -0.052025 -0.138816 0.122630 -0.070134 -0.037379 -0.000748 0.038117 0.167128 -0.001730 -0.053963 -0.055759 -0.033829 0.038955 0.016102 0.043484 0.052781 -0.080576 0.031681 -0.034205 0.123943 0.065915 0.049817 -0.084356 0.092462 -0.036952 -0.083820 0.022832 0.016969 0.015811 -0.031201 0.268587 0.035054 
0.032953 -0.030626 -0.042162 -0.173745 0.083606 -0.072521 -0.025427 -0.009962 0.054235 0.121159 0.002271 -0.001782 -0.036490 -0.039951 0.012451 -0.007979 0.001601 -0.060389 -0.068378 0.008916 0.006149 0.097129 0.076556 0.131276 -0.091593 0.055663 0.031698 -0.008670 0.010144 0.039768 0.019780 -0.128443 0.227233 -0.015705 
0.026279 -0.098932 -0.022282 -0.184102 0.025506 -0.060974 0.010688 -0.032723 0.054149 0.062561 -0.005933 0.059095 -0.013926 -0.050258 -0.014235 -0.023069 -0.064073 -0.130208 -0.042293 -0.024299 0.078861 0.053655 0.037625 0.134894 -0.043624 0.033761 0.074004 0.076744 -0.014229 0.049386 -0.005248 -0.171016 0.152092 -0.042527 
0.023677 -0.131183 -0.014966 -0.168572 -0.029937 -0.057394 0.053132 -0.047610 0.051721 0.024636 -0.022661 0.105400 -0.012146 -0.046149 -0.011643 -0.036691 -0.078716 -0.135541 -0.000100 -0.058144 0.093886 -0.008592 -0.021822 0.065654 0.040505 0.049148 0.066889 0.109108 -0.016255 0.052362 -0.021921 -0.140162 0.068527 -0.034237 
0.022935 -0.144081 -0.026477 -0.154821 -0.077434 -0.061438 0.062616 -0.066161 0.058677 -0.018879 -0.021853 0.101526 -0.016139 -0.014863 0.003346 -0.040336 -0.058144 -0.098288 0.019101 -0.087357 0.030598 -0.050280 -0.041200 -0.005267 0.140064 0.060920 0.018800 0.050520 -0.035920 0.047269 -0.023272 -0.078049 -0.013874 -0.024907 
0.022157 -0.160021 -0.036703 -0.154931 -0.124842 -0.065628 0.067271 -0.087802 0.074151 -0.050303 0.003740 0.078990 -0.033355 -0.001677 0.023855 -0.060440 -0.054028 -0.058865 0.034818 -0.093735 -0.055708 -0.078646 -0.028626 -0.081733 0.210938 0.090572 -0.016524 0.011310 -0.046927 0.038229 -0.047744 -0.020190 -0.084153 -0.011797 
-0.028890 0.001310 0.005455 0.065541 0.129928 0.006004 0.088231 -0.080298 -0.130311 0.102285 -0.034433 0.008758 0.022638 -0.159339 -0.086808 0.042825 -0.046223 0.053358 0.075685 -0.090721 0.004695 0.118312 -0.000258 -0.046515 -0.025708 0.053382 0.027272 0.012562 0.021968 0.013712 0.084971 0.052821 -0.029506 0.186472 
-0.037105 0.024104 -0.004611 0.021749 0.089633 0.015710 0.102271 -0.082440 -0.141488 0.036669 -0.173478 0.031879 -0.100924 -0.083108 -0.111689 0.069184 -0.042812 0.051782 0.061125 -0.181402 -0.060455 0.219988 -0.038515 0.054123 0.041719 -0.015064 0.018079 -0.012357 -0.009674 -0.019303 0.024227 0.001262 -0.041241 0.040871 
-0.019806 0.038524 -0.005083 0.020847 0.064132 0.024412 0.096878 -0.114692 -0.106748 0.026547 -0.201570 -0.032201 -0.136521 0.044827 -0.113193 0.040262 -0.065879 -0.005288 0.074292 -0.052364 -0.045130 0.197859 0.006425 0.053476 0.019809 -0.031458 0.015374 -0.017792 0.009984 -0.032357 -0.022388 -0.026574 -0.061393 -0.064661 
0.002366 0.042910 0.004227 0.030062 0.040031 0.012995 0.086478 -0.154898 -0.069577 0.060828 -0.159861 -0.104983 -0.133326 0.151514 -0.114777 0.006145 -0.077154 -0.059318 0.089535 0.100544 -0.022400 0.141789 0.083039 0.030794 -0.001099 -0.039067 -0.012227 -0.025375 0.044623 -0.028942 -0.041958 -0.042064 -0.068471 -0.097040 
0.026079 0.055860 0.007753 0.028682 0.016232 0.005399 0.056057 -0.178472 -0.020246 0.083927 -0.092155 -0.148444 -0.103679 0.249217 -0.105118 -0.029661 -0.072770 -0.060983 0.073965 0.202648 -0.031938 0.062003 0.132662 0.027601 0.027387 -0.083370 -0.067577 -0.019952 0.081278 -0.002853 -0.041128 -0.041293 -0.100750 -0.120646 
-0.053280 0.063367 -0.030736 -0.055110 -0.057480 -0.002872 -0.116864 0.046710 -0.051217 -0.083620 0.001748 0.059930 0.132694 -0.242096 0.102557 0.046213 0.032342 0.178122 -0.095910 -0.142279 -0.037635 0.015444 -0.048691 -0.008150 -0.161719 0.030188 0.097648 0.060759 -0.029736 0.064367 -0.037711 0.082345 -0.058024 -0.118856 
-0.036662 0.046052 -0.021496 -0.054050 -0.086940 -0.017004 -0.152325 0.009824 0.001180 -0.078725 0.035876 0.013675 0.126229 -0.218742 0.114778 0.095300 -0.012081 0.101866 -0.016749 -0.114441 -0.064570 0.060202 -0.039113 -0.006256 -0.096558 -0.012981 0.071674 0.019622 -0.018031 0.054249 -0.026686 0.084194 -0.081290 -0.024382 
-0.007246 0.029358 -0.002851 -0.037962 -0.113506 -0.030877 -0.166574 -0.027249 0.036196 -0.056521 0.057936 -0.064813 0.105894 -0.156298 0.100608 0.134510 -0.030831 -0.006356 0.059022 -0.022962 -0.023321 0.073465 0.012236 0.007472 -0.099748 -0.010963 0.062133 -0.035429 0.014718 0.039111 0.003448 0.081912 -0.035898 0.058537 
0.017691 0.000518 0.011463 -0.030640 -0.137980 -0.030846 -0.169645 -0.063780 0.068925 -0.065783 0.048139 -0.099074 0.069717 -0.051249 0.064792 0.155408 -0.042051 -0.080994 0.095004 0.069453 0.017967 0.010556 0.061298 0.007083 -0.029149 -0.006700 0.025765 -0.104538 0.044328 -0.002908 0.006904 0.041589 0.015825 0.103760 
0.022119 -0.059845 -0.001321 -0.058601 -0.154265 -0.021981 -0.149714 -0.051111 0.083209 -0.123433 -0.031538 -0.056518 -0.023735 0.053039 0.015794 0.108456 -0.026401 -0.047999 0.037970 0.039377 0.002989 -0.065046 0.021006 -0.014977 0.149921 -0.017244 -0.017050 -0.151877 0.084093 -0.103125 0.002668 -0.073283 0.021822 0.066422 
-0.007762 0.073361 -0.001148 -0.012647 -0.011584 0.003814 -0.026383 -0.044440 -0.029683 0.014388 -0.031873 0.015044 0.033378 0.039177 0.015822 -0.008519 0.033753 0.036446 -0.074566 0.032950 0.053449 -0.029427 0.052119 -0.002031 -0.007398 -0.037081 -0.000848 0.006513 0.001743 0.055419 -0.019756 0.003442 -0.026840 -0.055986 
-0.009599 0.061664 -0.001298 -0.013714 -0.005351 0.008042 -0.020258 -0.034769 -0.021568 0.014027 -0.022674 0.009420 0.025654 0.039997 0.019106 -0.009959 0.037992 0.036271 -0.077778 0.017734 0.099023 -0.026517 0.065257 0.023228 0.027604 -0.080314 -0.004129 0.039209 -0.018569 0.063217 -0.002939 -0.005188 -0.038755 -0.039284 
-0.011278 0.056106 0.000029 -0.014551 -0.000162 0.009992 -0.013964 -0.023555 -0.016849 0.016195 -0.014592 0.008416 0.018811 0.039332 0.023050 -0.011858 0.040709 0.033072 -0.081112 0.005465 0.141648 -0.023242 0.072352 0.051689 0.059520 -0.125291 -0.009291 0.074211 -0.037994 0.073270 0.015289 -0.015887 -0.054751 -0.027454 
-0.012026 0.054356 0.002908 -0.015537 0.002159 0.012188 -0.008128 -0.013423 -0.011333 0.016062 -0.007618 0.009719 0.011058 0.043135 0.029828 -0.013787 0.041637 0.026356 -0.082071 -0.002983 0.176262 -0.015238 0.083224 0.083881 0.097356 -0.168416 -0.015153 0.110013 -0.059142 0.077430 0.031672 -0.022722 -0.070164 -0.010794 
-0.011115 0.027251 -0.049217 0.000934 -0.001815 -0.017726 0.036375 -0.008649 0.025466 0.012822 0.014572 -0.017805 -0.019606 -0.037569 0.015322 -0.024417 0.075431 0.075932 -0.098019 -0.049132 0.101841 -0.051902 0.070137 0.235945 -0.040331 -0.104932 0.036391 0.086383 0.024146 0.021470 0.045324 0.024793 0.030866 -0.034097 
-0.008290 0.027801 -0.027055 -0.008316 0.003066 -0.012276 0.017618 0.004933 0.009244 0.014252 0.020446 -0.009506 -0.014049 -0.000528 0.016686 -0.021735 0.062299 0.044853 -0.076202 -0.027735 0.109674 -0.039932 0.062847 0.157506 -0.007792 -0.110481 0.019655 0.088106 -0.010632 0.063001 0.059258 0.000808 0.004893 -0.015141 
-0.006272 0.023703 0.000267 -0.008730 0.009111 0.005202 0.001046 0.008888 -0.007838 0.012996 0.016261 0.011282 0.001428 0.029365 0.019075 -0.016222 0.040204 0.021663 -0.061702 -0.002273 0.102236 -0.015539 0.060519 0.043689 0.056005 -0.099490 -0.011945 0.084151 -0.048747 0.089057 0.051550 -0.012437 -0.022242 0.014909 
-0.007910 0.020449 0.023699 -0.007399 0.013995 0.024707 -0.014105 0.008683 -0.015490 0.014022 0.012521 0.034298 0.011782 0.062577 0.017027 -0.002511 0.009362 -0.006201 -0.049144 0.019747 0.091518 0.005614 0.073698 -0.061522 0.101866 -0.070228 -0.055348 0.089361 -0.063207 0.077726 0.006757 -0.023391 -0.036457 0.038146 
-0.007299 0.010950 0.042219 -0.008695 0.017522 0.036397 -0.026545 0.014532 -0.023741 0.009045 0.013407 0.050878 0.018476 0.087710 0.002197 0.009782 -0.009184 -0.033177 -0.024541 0.033356 0.080996 0.005214 0.070708 -0.153123 0.130069 -0.043198 -0.085640 0.075229 -0.064544 0.057925 -0.032297 -0.041406 -0.031878 0.065033 
-0.007289 0.031638 0.015158 0.035248 0.083924 0.035311 0.078005 -0.104939 -0.029534 0.097201 0.069386 -0.044719 0.003118 -0.082859 0.040696 0.033508 0.023625 0.018473 -0.046538 -0.029801 -0.026626 -0.160548 -0.019005 -0.059976 -0.004874 0.090076 -0.025661 -0.019265 0.059526 0.130038 -0.008410 -0.051415 -0.025935 -0.010532 
-0.005174 0.032070 0.021507 0.021394 0.063099 0.023335 0.068045 -0.112494 -0.045586 0.069927 0.048872 -0.038886 -0.001156 -0.044762 0.036005 0.034779 0.029827 0.026888 -0.062087 -0.029205 -0.042196 -0.191926 -0.011284 -0.060836 -0.011625 0.099403 -0.025274 -0.040491 0.064819 0.087945 -0.006436 -0.078887 -0.011996 -0.050580 
-0.005585 0.026434 0.006438 0.028354 0.028709 0.012262 0.044921 -0.094636 -0.050225 0.040324 0.042854 -0.032659 -0.015679 -0.009689 0.044950 0.057606 0.079623 0.035740 -0.039552 -0.007531 -0.030473 -0.192824 -0.082534 0.017304 -0.047027 0.058541 -0.022870 -0.062173 0.067467 0.035951 -0.009811 -0.096173 0.031252 -0.101902 
0.003260 0.009800 0.017078 0.046200 0.025064 0.005328 0.022711 -0.063615 -0.060304 0.020499 0.028502 -0.034205 -0.017748 0.018886 0.029418 0.054533 0.081247 0.047676 -0.046543 -0.018660 -0.018979 -0.189396 -0.081162 0.037548 -0.025711 0.035541 -0.024791 -0.059654 0.050204 0.010353 0.013577 -0.078780 0.064105 -0.099545 
-0.000057 0.013954 0.012278 0.038409 0.037876 0.011087 0.050327 -0.089517 -0.041693 0.053116 0.052679 -0.046998 -0.006906 -0.022231 0.032816 0.056378 0.065244 0.044209 -0.034446 -0.019975 -0.037595 -0.195517 -0.054470 0.003717 -0.027764 0.060374 -0.027326 -0.049665 0.052904 0.047793 0.010294 -0.064888 0.046386 -0.070334 
-0.004159 0.016971 0.024716 0.026554 0.075147 0.022358 0.066996 -0.103474 -0.031668 0.084272 0.054937 -0.059273 0.007283 -0.060850 0.025013 0.026793 0.017190 0.038775 -0.060200 -0.045841 -0.048929 -0.184846 0.022094 -0.084680 0.019043 0.093858 -0.030961 -0.030225 0.052629 0.100224 0.017735 -0.057253 -0.009727 -0.012440 
-0.023121 -0.006504 -0.030276 -0.048822 -0.030107 -0.004234 -0.063746 -0.012498 0.032478 -0.018449 -0.056058 0.034416 0.056399 0.027581 -0.033134 -0.074076 0.005756 0.053444 -0.001606 0.073653 -0.011953 0.036104 0.061723 -0.138319 -0.034865 0.008702 0.027411 -0.019930 -0.001116 -0.026873 -0.004792 -0.016984 -0.085876 0.048218 
-0.009472 -0.003832 -0.013772 -0.030467 -0.032576 -0.008786 -0.100627 -0.008293 0.001763 -0.039233 -0.078831 0.019278 0.059707 0.059920 -0.048706 -0.095837 0.004793 0.089806 -0.000523 0.081203 -0.014259 0.025464 0.045806 -0.136797 -0.011781 0.015517 0.017851 -0.046613 -0.008198 -0.029640 0.006203 0.022118 -0.033132 0.036373 
-0.009527 -0.010373 -0.026723 -0.025715 -0.066006 -0.023484 -0.123960 0.015289 -0.003908 -0.065772 -0.073898 0.026836 0.054440 0.091591 -0.047138 -0.072458 0.051923 0.098632 0.016040 0.095307 -0.000863 0.016698 -0.005244 -0.069502 -0.063619 -0.010399 0.024802 -0.054520 -0.009815 -0.065811 0.016885 0.019698 0.006256 -0.000775 
-0.000693 -0.030844 -0.020434 -0.031895 -0.086852 -0.035753 -0.132523 0.033849 -0.009797 -0.091957 -0.080682 0.038750 0.044420 0.115839 -0.060621 -0.053309 0.061870 0.090817 -0.000450 0.078567 -0.018745 0.002120 -0.010973 -0.030589 -0.031714 -0.025770 0.025298 -0.073126 -0.027060 -0.075338 0.041020 0.025394 0.036667 -0.016235 
-0.011369 -0.027279 -0.029318 -0.023001 -0.076214 -0.025689 -0.116025 0.020762 -0.010746 -0.074377 -0.066317 0.034786 0.042359 0.095593 -0.043876 -0.045213 0.056395 0.115499 0.019936 0.100886 0.008221 0.017627 -0.038042 -0.024943 -0.091062 -0.028195 0.034015 -0.022983 -0.023094 -0.076312 0.025790 0.019710 0.029886 -0.012864 
-0.016250 -0.019330 -0.020309 -0.035936 -0.042711 -0.007386 -0.094051 0.001659 0.003201 -0.044926 -0.068445 0.026751 0.047303 0.061224 -0.042964 -0.066062 0.012286 0.103082 0.004790 0.084561 -0.004480 0.029593 0.012879 -0.090497 -0.043115 -0.006470 0.028002 -0.011994 -0.019287 -0.042979 0.014704 0.009587 -0.023341 0.023828 
0.029166 -0.014333 -0.146754 0.087508 -0.035560 -0.057625 0.145270 -0.028715 0.101127 -0.069828 0.035205 -0.011961 0.002827 -0.119956 0.076957 -0.013917 0.051545 -0.043879 -0.040455 0.042225 -0.008407 0.080103 0.028438 -0.075134 -0.052492 0.079681 0.032046 -0.021115 0.032639 -0.047326 -0.083023 0.010149 -0.053627 0.043313 
0.026891 -0.009030 -0.109787 0.041839 -0.030257 -0.002315 0.082795 -0.021748 0.054429 -0.049715 0.027202 0.021301 -0.054055 -0.112928 0.002755 -0.036913 0.044175 -0.059201 -0.014847 0.100969 -0.035384 0.036299 0.028569 0.024590 0.001082 0.014841 0.032201 -0.021786 0.006209 -0.074804 -0.050331 0.031318 -0.040792 0.037433 
0.008943 0.002270 -0.036232 0.013447 -0.007955 -0.005932 0.045911 0.004052 0.025668 -0.028434 0.020746 0.048921 -0.051061 -0.087168 -0.014433 -0.032316 0.060821 -0.048716 -0.012984 0.127311 -0.055639 -0.034851 0.069600 0.103878 0.049594 -0.006622 0.007623 0.017214 -0.040330 -0.071712 0.022436 0.068976 -0.009147 0.015817 
-0.004553 -0.001398 -0.002000 -0.003942 0.017190 0.006301 0.019369 0.030619 0.012407 -0.005877 0.018961 0.013344 -0.020998 -0.007239 0.011281 -0.032256 0.008048 -0.057074 -0.003565 0.018952 -0.027636 -0.028243 -0.004519 0.027138 0.004896 -0.024193 0.010785 0.033741 0.025165 -0.034383 0.009358 0.021146 -0.014091 0.010492 
-0.015912 -0.009734 0.047815 -0.026152 0.045905 0.034564 -0.008946 0.043347 0.001896 0.021307 0.015537 -0.020646 0.013525 0.085906 0.051971 -0.044815 -0.054994 -0.065841 0.007864 -0.119846 -0.006650 -0.003599 -0.082338 -0.059705 -0.079993 -0.027818 0.019380 0.051716 0.108388 0.016500 -0.032292 -0.028527 -0.014327 -0.013477 
-0.031050 -0.026734 0.107803 -0.050481 0.063136 0.022845 -0.040883 0.091032 -0.018897 0.043980 0.027148 -0.023740 0.020864 0.109476 -0.000628 -0.022353 -0.039562 -0.049745 0.070586 -0.137260 -0.005166 -0.011023 -0.034419 -0.034638 -0.091187 -0.025528 -0.022466 0.039372 0.065297 -0.043971 -0.012945 0.006957 -0.021742 0.038944 
-0.020943 -0.052576 0.147152 -0.078038 0.067802 0.054921 -0.083359 0.125425 -0.048982 0.055536 0.045749 0.017093 -0.031754 0.118457 -0.084749 -0.004722 -0.021596 -0.021096 0.086867 -0.054154 -0.027546 -0.053845 0.033681 0.044060 -0.064425 -0.005474 -0.093055 0.007504 -0.031174 -0.106199 -0.056946 0.005420 -0.037699 0.084415 
-0.030514 -0.044660 0.111191 -0.047247 0.066879 0.016266 -0.032451 0.118493 -0.004059 0.037485 0.033417 -0.023145 0.008747 0.096555 -0.006479 -0.004631 -0.037700 -0.063157 0.090529 -0.116382 -0.058058 -0.005150 -0.072603 -0.048161 -0.091662 -0.015580 -0.074805 -0.004374 0.019850 -0.039086 0.017534 0.034552 -0.067510 0.012479 
-0.011935 -0.034323 0.053584 -0.021582 0.051348 0.015906 0.011133 0.087126 0.020007 0.008339 0.026980 -0.038055 -0.000963 0.066851 0.046966 -0.021062 -0.069633 -0.084615 0.063906 -0.091803 -0.096557 -0.005804 -0.136822 -0.076080 -0.080706 -0.011275 -0.043181 0.010730 0.056167 0.035819 0.043234 0.044450 -0.046789 -0.064765 
0.002206 -0.023503 0.000394 -0.000575 0.019965 -0.004281 0.040418 0.066805 0.030258 -0.015420 0.032781 0.000492 -0.038405 -0.031839 0.004290 -0.016880 -0.007053 -0.078197 0.058913 0.044039 -0.118551 -0.029098 -0.061435 0.005782 0.011757 -0.006603 -0.054405 -0.013558 -0.025924 -0.007064 0.077088 0.091797 -0.045657 -0.048275 
0.019220 -0.019710 -0.039985 0.017656 -0.000613 -0.012292 0.065751 0.045643 0.044184 -0.035338 0.043503 0.034476 -0.078124 -0.119283 -0.021252 -0.018595 0.037503 -0.071413 0.041450 0.156516 -0.141337 -0.026228 -0.001147 0.068547 0.053143 0.009913 -0.054773 -0.019572 -0.081381 -0.041960 0.078008 0.122515 -0.047176 -0.034512 
0.037736 -0.021096 -0.116637 0.045231 -0.025659 -0.007559 0.103732 0.006262 0.070220 -0.058806 0.046156 0.009929 -0.066783 -0.138059 -0.001454 -0.024130 0.039479 -0.071755 0.034479 0.120539 -0.093021 0.045778 0.000083 -0.013592 0.001387 0.041337 -0.011420 -0.039539 -0.029458 -0.055411 -0.011864 0.054983 -0.090103 -0.005089 
0.026188 -0.026203 -0.151827 0.083432 -0.031784 -0.067618 0.145196 -0.016105 0.105645 -0.079263 0.026787 -0.015410 -0.007985 -0.101580 0.073571 -0.005625 0.045543 -0.045461 -0.007072 0.039391 -0.008086 0.054350 0.045904 -0.079715 -0.045227 0.069624 0.016737 -0.021768 0.016829 -0.068495 -0.074413 0.022071 -0.080138 0.045731 
0.012429 0.007627 -0.033982 0.015190 -0.007843 -0.010992 0.052273 0.020718 0.030464 -0.027438 0.026127 0.049561 -0.057305 -0.091674 -0.011035 -0.028027 0.051840 -0.055602 -0.006431 0.137779 -0.087331 -0.030523 0.050267 0.106505 0.050391 0.006762 -0.004442 0.020836 -0.054338 -0.042745 0.027116 0.085564 -0.008925 0.009346 
-0.001826 0.001181 -0.000566 -0.003433 0.015403 0.004065 0.022734 0.044268 0.015816 -0.005573 0.022021 0.017136 -0.022819 -0.007372 0.014132 -0.029341 0.000573 -0.058566 0.006472 0.028678 -0.051165 -0.029061 -0.010801 0.032427 0.008112 -0.016712 0.000087 0.042829 0.007120 -0.011083 0.020141 0.043235 -0.020953 0.011311 
-0.012452 -0.006573 0.048008 -0.025339 0.045096 0.031705 -0.006893 0.058774 0.005238 0.021933 0.020159 -0.014573 0.010521 0.087965 0.055585 -0.040162 -0.062280 -0.070821 0.019556 -0.112883 -0.032546 -0.005966 -0.093154 -0.052521 -0.082180 -0.017350 0.009971 0.053878 0.100070 0.035880 -0.023307 -0.009670 -0.011901 -0.009314 
-0.025515 -0.060584 0.151499 -0.075671 0.065799 0.064958 -0.077553 0.105943 -0.047395 0.069479 0.049088 0.022094 -0.017627 0.087317 -0.077957 -0.016435 -0.035958 -0.015743 0.077644 -0.073084 -0.024361 -0.033441 0.021655 0.046298 -0.051896 -0.012469 -0.092128 0.000679 -0.033571 -0.096028 -0.064746 0.017696 -0.047231 0.105857 
-0.011034 -0.009917 0.055434 -0.024766 0.045676 0.022800 0.004751 0.071987 0.012924 0.015711 0.019844 -0.021947 0.007835 0.083088 0.060140 -0.038049 -0.060588 -0.081071 0.030230 -0.097048 -0.065268 0.008698 -0.106758 -0.080817 -0.099601 -0.006724 -0.033316 0.018250 0.052028 0.035012 0.010652 0.015240 -0.033907 -0.058360 
0.001990 -0.001916 0.001788 -0.001880 0.015196 0.000508 0.031774 0.055658 0.023013 -0.011620 0.027751 0.012846 -0.027941 -0.015756 0.014263 -0.028214 0.003851 -0.071115 0.022802 0.038277 -0.085100 -0.020218 -0.033410 0.004153 -0.001042 -0.008112 -0.047982 -0.006291 -0.030523 -0.014594 0.046228 0.065916 -0.038311 -0.051147 
0.018516 0.005653 -0.038359 0.016168 -0.007242 -0.010658 0.058870 0.032668 0.038323 -0.031431 0.030001 0.050646 -0.062853 -0.101754 -0.010648 -0.028279 0.051358 -0.065054 0.012794 0.145558 -0.120367 -0.028041 0.032886 0.078370 0.047320 0.013272 -0.050773 -0.021283 -0.090469 -0.054464 0.050466 0.107262 -0.034739 -0.043515 
-0.002014 0.020719 0.016118 0.040724 0.054494 0.020319 0.050358 -0.084277 -0.044919 0.058850 0.048944 -0.039462 -0.007315 -0.031987 0.035057 0.044020 0.052436 0.033075 -0.046541 -0.024230 -0.022802 -0.174972 -0.050084 -0.011214 -0.015293 0.062809 -0.025226 -0.039460 0.054865 0.070196 0.002584 -0.065097 0.019085 -0.055038 
-0.011907 -0.018674 -0.025355 -0.040359 -0.058479 -0.019993 -0.098135 0.010676 0.011340 -0.055203 -0.068370 0.036583 0.050410 0.071710 -0.046878 -0.063693 0.033813 0.072131 -0.001028 0.076110 -0.015349 0.019112 0.025375 -0.084454 -0.033290 -0.008534 0.026355 -0.046528 -0.014088 -0.051105 0.018114 0.004205 -0.024605 0.015992 
0.007077 -0.106447 0.038106 -0.057481 -0.095919 -0.025047 -0.022204 -0.018741 -0.081343 0.202998 -0.210396 -0.087234 0.051112 -0.229225 0.061817 -0.113453 0.278326 -0.042374 0.184397 -0.062883 0.180115 -0.049110 0.029899 -0.164430 0.086709 -0.159207 -0.009297 -0.083733 0.202436 -0.040366 0.009263 -0.034504 -0.005305 0.014420 
-0.011324 -0.028669 0.034472 -0.046310 -0.116263 0.010036 -0.018238 -0.058410 -0.090447 0.105581 -0.180815 -0.072184 0.081231 -0.131507 0.062443 -0.062153 0.227962 -0.086676 0.073018 -0.019071 0.063773 -0.017634 0.024282 -0.111559 0.022953 -0.114846 -0.078101 0.015826 0.107079 -0.007142 -0.055071 0.008619 -0.053187 0.002627 
-0.029083 0.047280 0.033896 -0.033652 -0.119992 0.049171 0.000421 -0.100515 -0.118282 -0.000217 -0.180918 -0.032729 0.092105 -0.049410 0.045443 0.009221 0.118728 -0.136998 -0.027373 -0.007783 -0.065512 0.001939 0.045972 0.001756 -0.048427 -0.060591 -0.112795 0.069661 0.021585 0.034470 -0.093749 0.035758 -0.042318 0.065647 
-0.042335 0.106831 0.034811 -0.022248 -0.109326 0.079704 0.019830 -0.132091 -0.155336 -0.072544 -0.169173 -0.000344 0.093688 -0.003340 0.020397 0.049696 0.010534 -0.146475 -0.096459 0.010671 -0.127472 -0.015862 0.006453 0.068969 -0.093082 -0.021857 -0.070884 0.026051 0.001576 0.070599 -0.081714 -0.002432 0.030640 0.110988 
-0.054619 0.135678 0.035521 -0.003093 -0.059453 0.086100 0.024468 -0.147533 -0.150799 -0.118872 -0.155529 0.050554 0.058399 0.031347 0.032561 0.060296 -0.082629 -0.089024 -0.141676 0.070573 -0.152842 -0.044550 -0.017639 0.055944 -0.130283 -0.023215 -0.018133 0.027014 -0.001985 0.006228 0.020128 -0.032339 0.047675 0.134622 
-0.068327 0.133630 0.044072 0.018293 0.009860 0.078625 0.024243 -0.154814 -0.125583 -0.131935 -0.103854 0.059570 0.002997 0.013796 0.053315 0.060178 -0.111287 0.021286 -0.103649 0.085637 -0.119967 -0.075089 -0.081306 -0.014192 -0.055219 -0.058692 0.057136 0.003339 -0.083099 -0.031194 0.083254 -0.087154 0.027388 0.103939 
-0.085064 0.106071 0.069365 0.054273 0.085421 0.056972 0.015468 -0.144737 -0.067969 -0.120108 -0.036745 0.031698 -0.072324 -0.007328 0.103527 0.005588 -0.090070 0.116215 0.020712 0.059471 -0.012902 -0.109329 -0.138004 -0.108957 0.041274 -0.056117 0.130914 -0.001048 -0.185765 -0.132044 0.058580 -0.093493 0.117590 -0.003793 
-0.098068 0.057813 0.091936 0.064344 0.156673 0.021797 -0.006379 -0.113443 0.005020 -0.080895 0.029309 -0.028190 -0.132821 -0.070339 0.144775 -0.104535 -0.042949 0.102345 0.137127 0.022538 0.081527 -0.069895 -0.065729 -0.095018 0.061425 -0.035593 0.167983 0.011360 -0.158918 -0.139789 0.000538 -0.087421 0.045500 -0.034725 
-0.099992 0.026872 0.103982 0.064524 0.193626 0.007018 -0.007961 -0.092512 0.041154 -0.062640 0.063440 -0.064429 -0.132355 -0.096938 0.152625 -0.178479 -0.000917 0.056778 0.127532 -0.022672 0.102394 -0.027196 0.057812 -0.045569 0.048862 -0.012937 0.129455 0.028814 -0.042712 -0.051029 -0.020739 0.040332 -0.048483 -0.075541 
-0.101799 -0.009593 0.086213 0.069964 0.188469 0.043335 0.013744 -0.065198 0.043033 -0.089337 0.068956 -0.071686 -0.117842 -0.054949 0.123281 -0.172364 0.042689 -0.003372 0.064835 -0.079081 0.068351 0.045679 0.116157 0.001380 -0.017321 0.003709 0.041879 0.010459 -0.003218 -0.021112 -0.060686 0.112630 -0.000875 -0.084076 
-0.086596 -0.072060 0.062034 0.058073 0.147904 0.087933 0.065511 -0.024136 0.028944 -0.153728 0.087831 -0.076130 -0.100831 -0.021596 0.029688 -0.070043 0.092321 -0.025215 -0.058249 -0.090453 0.011210 0.120694 0.091102 0.005505 -0.019595 -0.027311 -0.109425 -0.033190 0.069315 0.032957 -0.056874 0.126945 0.021122 -0.114377 
-0.057503 -0.119656 0.042937 0.020454 0.079461 0.110943 0.129727 0.057872 0.014762 -0.185286 0.088777 -0.058430 -0.059801 -0.011354 -0.046488 -0.000996 0.048240 -0.048057 -0.118610 -0.033476 0.012988 0.101776 0.013127 -0.000394 -0.041020 -0.050356 -0.146675 -0.044708 0.116720 0.013237 0.015850 0.106860 0.017144 -0.014368 
-0.027529 -0.144118 0.035014 -0.002732 0.020850 0.110504 0.176104 0.128420 0.012530 -0.179494 0.068857 -0.028146 -0.013118 -0.024823 -0.065224 0.054875 -0.030010 -0.053040 -0.117385 0.024495 0.050646 0.015139 -0.042545 0.023128 -0.007987 -0.101659 -0.124345 -0.090581 0.126668 0.036910 0.036039 0.056792 0.050177 0.114748 
-0.000979 -0.127175 0.037082 -0.010220 -0.033234 0.099473 0.221451 0.184771 0.005586 -0.119380 0.050602 0.002456 0.016127 -0.037093 -0.052620 0.075601 -0.079909 0.005689 -0.047113 0.052591 0.078204 -0.049808 -0.031451 0.004081 -0.001572 -0.095626 -0.052635 -0.123032 0.127570 0.084788 0.024090 -0.048980 0.049150 0.179086 
0.021619 -0.067769 0.036424 -0.010095 -0.074044 0.063815 0.209809 0.212526 -0.005704 -0.022339 0.018612 0.036791 0.013644 -0.034602 0.017822 0.062467 -0.081754 0.082397 0.020264 0.067864 0.007830 -0.042210 0.040902 0.005029 -0.023366 -0.071583 -0.019106 -0.087664 0.042280 0.022387 -0.033973 -0.107047 0.071298 0.073904 
0.045834 0.006334 0.047574 -0.021712 -0.106767 0.013319 0.177350 0.235610 -0.021828 0.093180 -0.013263 0.068303 -0.012153 -0.033053 0.093036 -0.012460 -0.059253 0.136215 0.106643 0.070385 -0.118183 -0.031865 0.105434 -0.002519 -0.034416 -0.035227 0.025849 0.075318 0.031443 -0.071017 -0.070188 -0.124561 0.132968 -0.028446 
0.066801 0.084203 0.060574 -0.033553 -0.125912 -0.039230 0.146323 0.272342 -0.050550 0.206565 -0.058958 0.105264 -0.035260 -0.044610 0.166179 -0.090087 -0.041603 0.160503 0.177690 0.065286 -0.229423 -0.026353 0.195189 -0.050422 -0.038969 0.004214 0.056059 0.240491 -0.038880 -0.083477 -0.024081 -0.117836 0.081865 -0.079234 
0.097762 -0.067138 0.085560 -0.011632 0.038478 0.004442 -0.038265 -0.167602 0.170024 0.023680 0.259115 -0.060447 0.181296 0.125898 0.037249 0.022358 -0.028808 0.163486 0.052242 0.223075 -0.038562 -0.053554 0.197517 -0.093202 -0.131078 -0.144004 -0.018104 0.005850 -0.020904 0.160218 -0.098246 0.057069 -0.007733 0.030372 
0.077502 -0.074403 0.066449 -0.058333 0.043918 0.006515 -0.032167 -0.110887 0.155725 -0.020827 0.085760 0.041915 0.095969 0.026909 0.021340 0.060806 -0.025122 0.188699 0.023953 -0.032784 -0.088109 0.031560 0.106083 0.032844 -0.018998 -0.127864 0.005959 0.012859 0.010380 0.032619 -0.021911 0.014399 -0.070026 0.045519 
0.063499 -0.088580 0.047846 -0.087042 0.053077 0.023256 -0.016728 -0.068470 0.162654 -0.092167 -0.077937 0.069092 -0.003718 0.013910 -0.005726 0.086226 -0.023099 0.183359 -0.010362 -0.140305 -0.088859 0.071431 0.026123 0.094243 0.006427 -0.074723 0.015996 -0.000378 0.052674 0.022979 0.027749 -0.043605 -0.063249 0.023212 
0.068185 -0.070215 0.031769 -0.094438 0.078371 0.030015 -0.009656 -0.044520 0.163180 -0.116348 -0.160839 0.054413 -0.050718 0.014539 -0.025296 0.086632 -0.016144 0.132807 -0.021170 -0.099605 -0.011870 -0.004896 0.045272 0.047529 -0.057982 0.050881 0.047480 -0.035035 0.066133 0.005677 0.074310 0.011683 -0.055627 0.008496 
0.082842 -0.035878 0.038514 -0.082405 0.096253 0.016368 0.006430 -0.019945 0.139448 -0.077482 -0.206140 -0.002472 -0.101122 0.072023 -0.038882 0.060727 -0.009138 0.035774 0.016518 0.062977 0.100916 -0.121461 0.113097 0.012946 -0.170189 0.186740 0.087968 -0.033897 0.066736 -0.068141 0.110480 0.096701 -0.042374 -0.027371 
0.084026 0.015271 0.037659 -0.086436 0.098260 0.016059 -0.000944 0.010223 0.170331 -0.067229 -0.195137 0.022529 -0.059754 0.101945 -0.035393 -0.013369 0.066780 -0.027826 0.002878 0.077065 0.099063 -0.177046 0.027747 -0.028944 -0.100000 0.200760 -0.004401 0.041610 -0.006907 -0.020478 0.020093 0.061227 0.024552 0.144717 
0.085273 0.050325 0.038411 -0.100304 0.075259 0.011525 -0.010627 -0.005337 0.183063 -0.110207 -0.155550 0.102400 -0.007130 0.044410 -0.001690 -0.032338 0.066318 -0.002870 -0.037670 -0.036450 -0.047156 -0.073333 -0.116387 -0.023390 0.072653 0.107338 -0.040469 0.119162 -0.038837 0.002867 -0.001996 0.050449 0.065017 0.082877 
0.086767 0.071156 0.055180 -0.097606 0.058843 0.005489 -0.015914 -0.019203 0.178694 -0.087163 -0.079039 0.083358 0.026828 0.020598 -0.003958 -0.045280 0.074798 -0.018908 0.000406 -0.087662 -0.105259 0.014638 -0.185674 0.021732 0.143351 -0.007707 -0.045506 0.094899 -0.041206 -0.000192 -0.044682 -0.011125 0.064130 -0.001768 
0.108155 0.078586 0.092630 -0.060217 0.034861 -0.014870 -0.027276 -0.077910 0.159460 -0.025557 0.044523 -0.012532 0.088986 -0.036304 -0.003229 0.027085 0.049650 -0.108667 0.143823 -0.061845 -0.081131 0.105348 -0.184310 0.053759 0.092344 -0.084551 0.002673 0.054829 -0.051059 0.007204 -0.061561 -0.015731 0.081754 -0.026407 
0.139810 0.090474 0.124998 -0.004818 0.012483 -0.020187 -0.043840 -0.143983 0.139084 0.007091 0.164353 -0.137091 0.136650 -0.011990 -0.013122 0.136027 0.029166 -0.231342 0.281285 0.116668 0.015592 0.153042 -0.103350 0.033491 -0.036540 -0.131873 0.027964 -0.008752 -0.114620 0.074669 -0.160466 -0.042206 0.127694 -0.076456 
0.058287 -0.016268 -0.004709 -0.084163 0.006031 -0.075304 -0.020635 0.045151 -0.025374 -0.012354 0.000394 -0.004345 -0.034135 -0.025764 0.045769 -0.002380 -0.044247 -0.105366 -0.031578 0.035178 0.104505 -0.058759 -0.067104 -0.003296 -0.079685 0.078733 0.058171 0.016969 0.022695 0.015507 0.151677 -0.080308 -0.241857 -0.019133 
0.041045 -0.016638 -0.013494 -0.063875 -0.003741 0.009160 -0.019036 0.050856 -0.056392 -0.017037 -0.003140 -0.009351 0.020028 0.006086 0.117774 0.007404 -0.021699 -0.067150 0.008200 0.056572 0.078892 0.027228 -0.027885 -0.000099 0.025131 0.134011 0.018507 -0.011428 0.016229 0.058773 0.141339 -0.067418 -0.147986 -0.004575 
0.022038 -0.019242 -0.023459 -0.045258 -0.008523 0.097519 -0.024546 0.051685 -0.081997 -0.022573 -0.009534 -0.017868 0.072026 0.039711 0.190320 0.014503 -0.008472 -0.018262 0.050271 0.074692 0.067390 0.105632 0.007854 0.005737 0.132758 0.186024 -0.014512 -0.029351 0.004555 0.102086 0.124049 -0.030426 -0.059730 0.017734 
0.003932 -0.020003 -0.030933 -0.026365 -0.008652 0.182163 -0.030698 0.051236 -0.102730 -0.030853 -0.013822 -0.029256 0.115741 0.074189 0.249122 0.021674 0.000948 0.026757 0.086448 0.103936 0.056802 0.174114 0.050340 0.017232 0.246565 0.226974 -0.057237 -0.046924 -0.013458 0.162174 0.120027 -0.000675 0.017307 0.021459 
0.010569 -0.011675 -0.070339 -0.006766 -0.023471 0.064966 -0.026294 0.046490 -0.074571 0.027621 0.025591 0.009242 -0.009819 0.050670 0.096266 0.004676 -0.006662 0.032171 0.083856 -0.013247 0.008897 0.022678 -0.055202 0.173413 -0.044080 0.007461 -0.018119 0.032856 0.001125 0.005936 0.090007 0.030518 -0.030347 0.000607 
0.005927 -0.016097 -0.065470 -0.007171 -0.012333 0.086937 -0.040641 0.042233 -0.075152 0.030477 0.010934 -0.004794 0.002371 0.042100 0.111355 -0.003866 -0.004097 0.020298 0.075954 0.018316 0.024734 0.045234 -0.032201 0.104066 -0.000902 0.063382 -0.046238 -0.010568 0.042808 -0.070481 0.016824 0.022084 -0.030146 -0.004902 
0.000742 -0.008656 -0.056256 -0.008314 -0.003786 0.106555 -0.052270 0.036781 -0.081062 0.034425 0.006874 -0.015072 0.020334 0.048267 0.124095 -0.016365 -0.001622 0.013194 0.075512 0.031358 0.034072 0.068029 -0.016973 0.059759 0.040530 0.112468 -0.068015 -0.042853 0.050142 -0.082724 -0.027184 0.018254 -0.008536 -0.033701 
0.006645 -0.000340 -0.069635 -0.005838 -0.012389 0.085129 -0.047085 0.025750 -0.081782 0.042551 -0.002863 -0.012355 0.016817 0.047444 0.097795 -0.010060 0.007834 0.014366 0.062850 0.008415 0.057897 0.043787 -0.029772 0.108154 -0.003313 0.086309 -0.027166 -0.087925 0.043314 -0.059231 0.024995 0.035289 -0.016001 -0.056436 
0.011499 -0.004856 -0.073840 -0.006603 -0.018247 0.062494 -0.043327 0.014740 -0.092814 0.039589 -0.000689 -0.025124 0.016421 0.048733 0.070211 -0.010958 0.023755 0.014147 0.069589 -0.028243 0.071774 0.016555 -0.054473 0.169872 -0.049907 0.056253 0.016505 -0.133953 0.035026 -0.030207 0.084235 0.053485 -0.029937 -0.116002 
0.031952 -0.073148 -0.003371 -0.048434 -0.011431 -0.081648 -0.046004 -0.000083 -0.062805 -0.006723 0.084036 -0.002888 -0.052543 -0.033354 -0.041844 0.002128 -0.080133 0.052284 -0.069900 -0.028602 -0.008827 0.073598 0.087915 -0.016913 -0.012684 -0.113380 0.070473 -0.102825 0.016122 -0.110674 0.027697 -0.156851 -0.024781 -0.029605 
0.040177 -0.062045 0.010834 -0.066273 0.015961 -0.079865 -0.051180 -0.012461 -0.068791 -0.020777 0.062198 -0.020081 -0.039556 -0.054108 -0.061779 -0.041561 -0.160542 0.026254 -0.133241 -0.061657 -0.023143 0.018606 0.203127 -0.126065 0.109304 -0.027497 0.053715 -0.108932 -0.034562 0.053642 0.011921 -0.051497 -0.058719 -0.014789 
0.039969 -0.051667 0.012722 -0.065092 0.016082 -0.079235 -0.046765 -0.008238 -0.087933 -0.017693 0.056590 -0.019380 -0.043901 -0.045440 -0.057774 -0.039844 -0.146782 0.009050 -0.125239 -0.041920 -0.006823 0.009167 0.158713 -0.099404 0.079947 -0.006629 0.062835 -0.094659 -0.031685 0.077379 0.017189 0.007730 -0.038695 -0.027895 
0.045657 -0.040525 -0.001777 -0.053262 -0.025127 -0.087274 -0.036992 0.017286 -0.095325 -0.010536 0.051962 0.004662 -0.053311 0.008325 -0.022826 0.019017 -0.043571 0.005912 -0.060225 0.018377 0.046328 0.006601 -0.047788 0.070102 -0.085183 -0.058904 0.063094 -0.050747 0.023797 0.028180 -0.010941 0.017494 0.020603 -0.144058 
0.038735 -0.048791 -0.032902 -0.046836 -0.038403 -0.094462 -0.051030 0.021420 -0.089940 -0.030311 0.075975 -0.002796 -0.076650 -0.001996 -0.038442 0.007693 -0.027666 0.021048 -0.056740 0.023029 0.046080 0.026776 -0.036549 0.068767 -0.074422 -0.091510 0.081415 -0.096657 0.035680 -0.049343 -0.022977 -0.035395 -0.033822 -0.110613 
0.040924 -0.062305 -0.033140 -0.035783 -0.037925 -0.090443 -0.054842 0.014393 -0.079888 -0.030547 0.084323 -0.002382 -0.075553 -0.011893 -0.040980 0.009530 -0.038667 0.037686 -0.054507 -0.000163 0.030098 0.039920 -0.008170 0.057723 -0.046061 -0.107961 0.069445 -0.115878 0.025865 -0.083837 -0.035043 -0.073010 -0.006011 -0.089455 
0.053984 0.020626 0.002191 -0.057129 -0.023152 -0.083749 -0.034056 0.028851 -0.099977 -0.009725 0.047024 -0.008914 -0.037419 0.014218 -0.023395 -0.036823 0.001154 -0.034519 -0.068825 0.018719 0.045103 -0.010589 -0.113237 0.057891 -0.081787 -0.001914 -0.022511 0.097370 -0.074154 -0.050893 0.003831 0.089174 0.041455 -0.030171 
0.051441 0.039737 0.014306 -0.074109 0.018047 -0.081523 -0.051050 0.014185 -0.098993 -0.014842 0.042275 -0.041756 -0.013065 -0.043276 -0.053121 -0.126052 -0.079719 -0.068782 -0.130750 -0.044900 -0.000854 -0.029562 0.052444 -0.136172 0.099613 0.058624 -0.040943 0.041384 -0.100711 0.019234 -0.003276 0.100311 0.027202 0.031329 
0.058029 0.051595 0.014674 -0.070554 0.017800 -0.086984 -0.055495 0.009217 -0.088167 -0.017983 0.043165 -0.047847 -0.001910 -0.049236 -0.066321 -0.146531 -0.072335 -0.092712 -0.123476 -0.052315 -0.013298 -0.029877 0.048288 -0.155992 0.150621 0.055049 -0.058521 0.008259 -0.077429 -0.015294 -0.014246 0.107689 0.058574 0.047655 
0.056311 0.066204 0.001971 -0.057275 -0.015821 -0.086871 -0.049179 0.019840 -0.083224 0.001770 0.058915 -0.031273 -0.012362 -0.022111 -0.054523 -0.106595 0.013011 -0.076027 -0.070783 -0.010473 0.016377 0.005420 -0.070893 -0.047481 0.025428 0.005449 -0.077543 0.044882 -0.032447 -0.135050 -0.073651 0.052265 0.062402 -0.013021 
0.055972 0.048879 -0.025770 -0.044713 -0.039472 -0.095391 -0.057125 0.024688 -0.093402 -0.021906 0.061667 -0.034676 -0.035958 0.004169 -0.050472 -0.087569 0.037252 -0.050651 -0.070817 0.004693 0.050430 -0.026874 -0.121025 0.020194 -0.015767 -0.010722 -0.058130 0.021358 -0.027415 -0.123823 -0.068926 0.098367 0.078296 -0.043454 
0.053844 0.033295 -0.026489 -0.049092 -0.042490 -0.098062 -0.051904 0.028361 -0.103407 -0.023335 0.065025 -0.029215 -0.044841 0.008938 -0.042249 -0.069432 0.030788 -0.043890 -0.074030 0.015955 0.057963 -0.024206 -0.130954 0.045833 -0.054009 -0.021261 -0.039987 0.037830 -0.045276 -0.091410 -0.053471 0.083883 0.058042 -0.045395 
-0.031643 -0.009684 -0.146555 0.084921 -0.023048 -0.056534 0.013752 -0.004210 0.057513 0.017236 0.002147 0.072372 -0.045002 0.052221 -0.041384 0.148038 0.005876 -0.047309 0.048953 -0.050033 -0.095371 0.051496 -0.054584 -0.157244 0.004239 -0.112911 0.073900 0.032884 0.068528 0.068021 0.231760 -0.015497 -0.036746 -0.150086 
-0.002758 -0.014735 -0.133443 0.079424 -0.052678 0.080615 -0.036816 -0.020433 0.053263 0.069619 0.031836 0.069831 -0.057542 -0.029346 -0.093974 0.028843 -0.043481 -0.000818 0.023351 -0.007720 -0.070159 -0.016439 -0.044843 -0.019809 0.000599 -0.030977 0.002813 0.023343 -0.048883 0.068196 0.017840 -0.121482 -0.023794 -0.052824 
-0.000580 -0.008786 -0.115650 0.060855 -0.042172 0.153192 -0.063447 -0.029583 0.063501 0.108189 0.047889 0.038436 -0.060547 -0.061660 -0.084349 -0.039546 -0.062488 0.023124 -0.006250 0.000158 -0.037750 0.009531 -0.045104 -0.009969 -0.020366 0.033895 -0.068704 -0.046393 -0.068944 0.074879 -0.118703 -0.098082 -0.034666 0.028060 
0.000804 -0.000805 -0.117748 0.066686 -0.038721 0.150422 -0.068058 -0.033591 0.058815 0.113742 0.043596 0.032511 -0.045483 -0.042486 -0.082490 -0.043178 -0.059309 0.019194 -0.011989 -0.010586 -0.006080 -0.017701 -0.033553 -0.011809 -0.037739 0.033862 -0.094176 -0.039355 -0.070312 0.041108 -0.134736 -0.068196 -0.041511 0.025291 
0.000064 0.006562 -0.117200 0.062975 -0.042328 0.151375 -0.058373 -0.042433 0.057986 0.117161 0.044110 0.029704 -0.048352 -0.050513 -0.095441 -0.047693 -0.053908 0.025371 -0.028949 -0.007384 0.012167 -0.005548 -0.019780 -0.012729 -0.033297 0.048740 -0.115160 0.015935 -0.091885 0.035575 -0.123709 -0.052902 -0.034947 0.077686 
0.000479 0.015188 -0.138274 0.080383 -0.052548 0.082449 -0.037277 -0.042665 0.048775 0.082569 0.015964 0.042125 -0.018497 -0.006906 -0.113141 0.008917 -0.011039 0.010590 -0.039532 -0.041264 0.048523 -0.018490 -0.002353 -0.036284 -0.026601 0.016369 -0.092777 0.037168 -0.034057 0.026138 -0.029090 0.017743 0.083583 0.041480 
-0.021979 0.034256 -0.147875 0.084772 -0.026284 -0.047538 0.007210 -0.028824 0.048467 0.043971 -0.009808 0.040757 0.010165 0.074269 -0.081038 0.097072 0.048419 -0.018735 -0.009327 -0.065334 0.091066 0.018711 0.016196 -0.186558 -0.013596 -0.059494 -0.052132 0.106826 0.077581 -0.016706 0.171218 0.123318 0.145789 -0.057791 
-0.090572 0.026687 0.006867 0.089386 -0.000633 -0.139544 0.029747 0.013215 0.026710 0.048682 -0.008333 -0.015008 0.080647 0.042844 -0.101255 0.073983 0.107735 -0.014037 -0.020615 -0.005689 0.080536 -0.042428 0.070438 0.063500 0.088126 0.018098 0.017212 0.027353 0.029526 -0.024395 0.065097 0.095024 0.175491 0.042786 
-0.117785 0.022788 0.081291 0.085802 0.006029 -0.181782 0.043952 0.051617 0.028729 0.051165 -0.027822 -0.046723 0.120850 0.059022 -0.063296 0.049167 0.087093 -0.020865 -0.020718 -0.030865 0.000512 -0.057603 0.063563 0.120142 0.078749 0.073302 0.050290 -0.011521 -0.018347 -0.031289 -0.069686 0.024901 -0.034903 0.061915 
-0.119720 0.019083 0.094254 0.083887 0.007111 -0.183575 0.045745 0.062891 0.032388 0.048191 -0.028829 -0.048079 0.115872 0.066114 -0.037217 0.039211 0.061966 -0.012785 -0.012417 -0.044619 -0.054122 -0.060375 0.035909 0.115293 0.071882 0.076357 0.085975 -0.037958 0.002688 -0.026880 -0.090432 -0.003143 -0.059478 0.035322 
-0.116789 0.015960 0.087465 0.083249 0.007256 -0.186720 0.043375 0.068886 0.033669 0.039725 -0.026788 -0.032853 0.093765 0.066379 -0.033408 0.047690 0.053916 -0.007352 -0.010325 -0.013137 -0.104845 -0.067705 0.023755 0.120605 0.093688 0.060908 0.086480 -0.036931 -0.020947 0.003054 -0.053667 -0.009144 -0.077962 0.003886 
-0.089353 0.007784 0.015209 0.079710 0.001742 -0.146656 0.036758 0.052096 0.035826 0.025253 -0.017684 0.013232 0.032485 0.066908 -0.045277 0.073640 0.023650 -0.008403 0.014726 0.028717 -0.172877 -0.048846 -0.021146 0.040620 0.130850 -0.015131 0.084232 0.000416 -0.006820 0.053878 0.075116 -0.022463 0.004029 -0.055450 
-0.036017 -0.009249 -0.126458 0.080312 -0.022076 -0.032029 -0.000212 -0.001367 0.045443 0.020032 0.004102 0.077446 -0.043555 0.045831 -0.062334 0.121949 0.002276 -0.041540 0.054638 -0.054809 -0.102854 0.042653 -0.045977 -0.111717 0.024917 -0.102977 0.088405 0.078096 0.079880 0.088419 0.229450 0.031898 0.031915 -0.142446 
-0.008455 -0.004781 -0.153206 0.063756 -0.023603 0.079569 -0.071540 0.008985 0.022386 0.085365 0.014387 0.047878 -0.026033 -0.015466 -0.067021 -0.006320 -0.042139 -0.003531 0.094907 -0.065540 -0.043945 -0.111979 0.048331 0.071724 -0.022294 -0.025344 -0.040696 -0.057400 -0.052114 -0.006478 -0.048382 -0.018162 -0.058619 0.013963 
-0.007286 -0.000461 -0.146784 0.063805 -0.025513 0.089843 -0.077719 -0.000510 0.020133 0.091986 0.020124 0.035123 -0.013113 -0.003473 -0.069084 -0.024923 -0.046809 0.005039 0.086614 -0.080061 -0.011989 -0.122207 0.050277 0.064871 -0.033813 -0.016450 -0.068236 -0.042939 -0.051096 -0.019105 -0.086982 -0.003095 -0.045409 0.014809 
-0.006736 0.005531 -0.153703 0.069548 -0.024001 0.075890 -0.072684 -0.008847 0.018222 0.092740 0.005431 0.038104 -0.005755 -0.002008 -0.073120 -0.015980 -0.030478 -0.001000 0.064664 -0.077834 0.012644 -0.123195 0.080159 0.059081 -0.038788 -0.011417 -0.095269 0.008626 -0.088751 -0.021357 -0.065038 0.036468 -0.049488 0.054364 
-0.030510 0.032166 -0.129021 0.083859 -0.026512 -0.028577 0.001476 -0.022604 0.040208 0.049079 -0.010020 0.051225 0.011612 0.063537 -0.084887 0.087536 0.040009 -0.005538 -0.013068 -0.067510 0.051734 0.002795 0.026911 -0.129824 0.008723 -0.045577 -0.011648 0.134552 0.067552 0.016226 0.153227 0.108737 0.170599 -0.046954 
-0.106577 0.017866 0.094109 0.066502 -0.000563 -0.124465 0.057285 0.015157 0.037633 0.101902 0.035548 -0.037922 0.049634 -0.005278 -0.089666 0.024573 0.077528 -0.003428 -0.107111 0.074613 0.058150 0.128270 -0.059445 -0.015186 -0.065911 0.125749 0.051409 0.057148 0.019552 0.008691 -0.072356 -0.032892 -0.127983 0.070444 
-0.108485 0.018652 0.107821 0.065984 0.000219 -0.120382 0.058100 0.021329 0.045823 0.103265 0.037774 -0.038287 0.046266 0.004459 -0.054571 0.008885 0.045898 0.007858 -0.098702 0.065431 0.024941 0.135851 -0.083888 -0.032834 -0.072859 0.130527 0.087058 0.043158 0.044570 0.031689 -0.093073 -0.071311 -0.138435 0.074547 
-0.105717 0.019075 0.100756 0.061492 -0.001788 -0.122743 0.058199 0.026736 0.043384 0.095547 0.033635 -0.020697 0.029787 0.002967 -0.049900 0.017320 0.033940 0.013648 -0.105026 0.090521 -0.010043 0.127677 -0.077095 -0.028928 -0.048561 0.113408 0.098346 0.043265 0.027573 0.068565 -0.056368 -0.073709 -0.151265 0.056808 
0.038805 -0.056837 -0.002574 -0.050848 -0.018279 -0.084461 -0.041498 0.008601 -0.079065 -0.008629 0.067999 0.000887 -0.052927 -0.012515 -0.032335 0.010572 -0.061852 0.029098 -0.065062 -0.005113 0.018750 0.040099 0.020063 0.026595 -0.048933 -0.086142 0.066783 -0.076786 0.019960 -0.041247 0.008378 -0.069678 -0.002089 -0.086832 
0.055147 0.043415 0.002081 -0.057202 -0.019487 -0.085310 -0.041617 0.024346 -0.091600 -0.003977 0.052970 -0.020094 -0.024891 -0.003947 -0.038959 -0.071709 0.007083 -0.055273 -0.069804 0.004123 0.030740 -0.002584 -0.092065 0.005205 -0.028179 0.001767 -0.050027 0.071126 -0.053300 -0.092971 -0.034910 0.070720 0.051929 -0.021596 
0.212838 0.199678 0.037165 -0.060373 -0.096000 0.031128 0.119634 -0.049916 -0.024255 0.004763 0.179277 -0.026350 -0.137139 0.092441 -0.039341 0.037070 0.289919 0.097402 -0.027550 -0.095221 0.007982 0.057048 -0.017224 -0.050887 -0.100642 0.040995 -0.053975 -0.031995 -0.093104 -0.065347 0.168598 -0.097734 -0.185144 0.100952 
0.191141 0.257877 0.001775 -0.049283 -0.049637 0.040851 0.113099 -0.003681 0.026400 -0.001560 0.132213 -0.023855 -0.065261 0.035870 0.008605 -0.003018 0.173272 -0.001390 0.022770 -0.043193 0.039552 0.020468 -0.016493 0.020712 -0.057298 -0.038750 0.018562 -0.054512 -0.049788 -0.035181 0.133608 -0.033394 -0.123641 0.064785 
0.162430 0.267719 -0.034186 -0.041235 0.008784 0.051397 0.111523 0.036454 0.046300 -0.004733 0.044511 -0.011667 0.060391 0.022401 -0.007762 -0.054700 -0.026267 -0.043275 0.032408 -0.073885 0.046501 -0.017255 0.056570 0.017673 0.010197 -0.103224 0.076326 -0.046720 0.001146 -0.020608 0.051990 0.088463 -0.097025 0.061318 
0.135134 0.200717 -0.038760 -0.021257 0.076293 0.056446 0.104527 0.077374 0.034860 0.048783 -0.061439 0.002984 0.117684 -0.020224 -0.015936 -0.061633 -0.180663 -0.114725 -0.003424 -0.066982 0.056761 -0.089220 0.103699 -0.008518 0.024497 -0.108551 0.127170 -0.080302 0.043616 -0.021000 -0.061520 0.135720 -0.065241 0.034743 
0.141340 0.094816 -0.019173 0.006186 0.137078 0.007763 0.040249 0.106904 -0.041505 0.055667 -0.148698 0.055477 0.110959 -0.014053 0.054472 0.022561 -0.144811 -0.076463 -0.066101 0.084407 -0.017128 -0.029051 0.044321 -0.025419 0.017750 -0.103341 0.088999 -0.114489 0.070969 0.037164 -0.123301 0.167875 -0.069369 -0.127808 
0.137604 0.002936 0.028197 0.052130 0.141936 -0.045042 -0.008298 0.031050 -0.076152 0.035629 -0.138708 0.124222 0.037564 -0.031873 0.108119 0.115264 -0.057815 0.008766 -0.122842 0.106802 -0.038929 -0.007832 -0.054305 -0.064795 0.056032 -0.082956 -0.033121 -0.121800 0.112676 0.048321 -0.200348 0.102093 0.015141 -0.180263 
0.093020 -0.059571 0.054421 0.105705 0.098835 -0.127854 -0.049407 -0.020445 -0.056685 -0.022580 -0.046684 0.264392 -0.132443 -0.008336 0.182262 0.098106 0.048933 0.040945 -0.025343 0.130318 0.017860 0.053787 -0.052035 -0.048297 -0.037507 -0.098904 -0.195976 0.106743 0.108850 0.040390 -0.171943 0.040261 0.018600 -0.054028 
0.045860 -0.064027 0.030243 0.126990 -0.004592 -0.191649 -0.028448 -0.057517 -0.068294 -0.111863 0.007254 0.255350 -0.112035 -0.049229 0.085238 0.004758 0.041826 0.001575 0.104239 0.064617 0.068416 -0.013273 0.010162 -0.051180 -0.160107 -0.022366 -0.168846 0.122140 0.103678 0.028803 -0.072933 -0.051167 -0.005661 0.136862 
0.039092 -0.017332 0.023430 0.083630 -0.041722 -0.185437 0.033759 -0.087468 -0.111658 -0.167387 0.045916 0.072657 -0.046841 -0.045955 -0.031400 -0.163574 0.007517 0.041607 0.167878 -0.019563 0.022176 -0.048960 0.049101 0.051070 -0.015253 -0.005708 -0.121368 0.006747 0.121347 0.106204 0.065334 -0.130457 0.065225 0.161177 
0.056180 0.027799 0.005394 0.059666 -0.013182 -0.146906 -0.009507 -0.054964 -0.095643 -0.166517 0.013220 -0.095952 0.041478 -0.054723 -0.076579 -0.210805 -0.086269 0.045198 0.175606 -0.009748 -0.093483 -0.006975 -0.014261 0.065722 0.017664 -0.050160 -0.042946 0.002756 0.132741 0.103033 0.095027 -0.111840 0.047222 0.147798 
0.101331 0.054325 0.000075 0.029918 0.037767 -0.033841 -0.041156 0.010260 -0.072687 -0.130900 -0.005721 -0.202891 0.079268 -0.051005 -0.077007 -0.115068 0.023060 0.073148 0.014104 -0.123082 -0.180987 0.064036 0.066398 0.088333 0.059590 -0.033201 -0.057889 0.008788 0.094994 0.007609 0.072472 -0.157580 0.112753 0.035302 
0.129926 0.023580 -0.030459 0.033296 0.113304 0.045476 -0.056169 0.114335 -0.064196 -0.111736 -0.035142 -0.136717 0.114075 -0.033044 -0.077136 0.002086 0.069633 -0.020285 -0.073391 -0.077283 -0.153146 0.040196 0.122425 -0.042374 -0.049515 0.023722 -0.040821 0.105698 -0.049525 -0.090545 0.030150 -0.165605 -0.009585 -0.054191 
0.166871 -0.055277 -0.056159 0.026384 0.159999 0.089670 -0.021685 0.108538 -0.011928 -0.064745 -0.064822 -0.086072 0.165971 -0.083932 -0.047538 0.104499 0.101458 -0.045078 -0.096810 -0.004909 -0.048100 0.019459 0.078516 -0.106186 -0.016841 0.023531 -0.000103 0.092485 -0.102965 -0.124629 -0.002171 -0.149569 -0.060111 -0.061757 
0.191070 -0.147676 -0.040629 0.030487 0.138693 0.108883 0.083468 0.011035 -0.012274 0.021024 -0.060269 -0.066936 0.188733 -0.049352 -0.051791 0.117194 0.046408 -0.031124 -0.041028 -0.002308 0.077337 -0.053669 -0.041557 -0.070645 0.015294 0.005493 0.064613 0.055549 -0.094787 -0.129027 -0.022500 -0.110820 0.021559 -0.035764 
0.212444 -0.197610 -0.020870 0.053621 0.025635 0.074192 0.123449 -0.092018 -0.025049 0.057008 -0.018268 -0.015969 0.093445 -0.010982 -0.008216 0.055540 0.031991 -0.022797 0.008221 0.017371 0.150382 -0.047359 -0.072226 0.059997 0.002213 -0.013309 0.135776 0.023244 -0.075858 -0.066854 -0.021792 -0.014917 0.113706 0.003577 
0.218626 -0.190717 0.048310 0.046571 -0.100151 -0.014953 0.125846 -0.125463 -0.073796 0.095678 0.000998 0.053047 0.012867 0.105116 0.025789 -0.063649 0.014726 0.038104 0.016221 -0.025840 0.058740 0.050418 -0.071749 0.078737 0.010653 0.002098 0.156932 -0.007210 -0.080880 0.007482 0.014189 0.125299 0.035853 0.053793 
0.229566 -0.168908 0.112508 0.051497 -0.182681 -0.054350 0.114882 -0.177994 -0.122928 0.142970 0.051040 0.140966 -0.033062 0.174316 0.045852 -0.094838 0.007395 0.122629 -0.050846 -0.155105 -0.127518 0.081995 -0.060853 -0.081135 -0.011451 0.137041 0.116409 -0.159556 -0.076778 0.076312 -0.050254 0.242901 0.018065 0.072909 
0.089179 -0.117678 0.045459 0.106948 -0.031834 0.027273 -0.117165 -0.082103 0.062298 0.072290 0.090134 -0.151208 0.070866 0.068484 0.037784 -0.128331 -0.075871 -0.051581 -0.085315 0.104236 -0.148299 -0.139096 -0.077728 -0.017044 0.038272 0.081642 -0.064359 0.105528 0.222764 -0.092806 0.132457 -0.073003 0.007794 -0.106247 
0.038771 -0.093105 0.019767 0.084874 -0.011311 -0.010076 -0.079898 -0.058347 -0.037922 0.048027 0.099405 -0.085252 0.100851 0.022743 -0.005781 -0.081548 -0.082535 0.018326 -0.086918 0.118556 -0.042708 -0.040620 -0.006177 0.050498 0.031576 0.065969 -0.069303 0.170574 0.088850 -0.056994 0.134316 0.053330 -0.041063 -0.067888 
-0.008926 -0.069827 -0.005771 0.028318 0.034098 0.008986 -0.033305 -0.049563 -0.062210 0.014017 0.050114 -0.012486 0.143491 -0.042446 -0.054982 -0.034919 -0.067745 0.063597 -0.049226 0.053254 -0.030853 0.060778 0.016071 0.133831 0.004008 0.053510 -0.050219 0.177245 0.015050 -0.041554 0.083681 0.095532 -0.048004 -0.063731 
-0.050550 -0.052768 -0.034242 -0.013434 0.093132 0.005645 -0.004186 -0.055143 -0.064186 -0.046944 0.027886 0.055442 0.147176 -0.089208 -0.098013 0.007753 -0.055842 0.047825 0.029672 0.022235 0.034843 0.036638 0.052054 0.068868 -0.011041 0.091894 -0.023135 0.088306 -0.010353 -0.018153 0.031376 0.026263 0.003134 -0.059620 
-0.087684 -0.036648 -0.058851 -0.025097 0.161941 -0.032616 0.022814 -0.042587 -0.064824 -0.031994 0.012258 0.108488 0.103568 -0.088392 -0.130189 0.010423 -0.058665 -0.009698 0.176229 0.055484 0.198091 -0.020490 0.022522 0.035400 -0.144725 0.087093 0.007958 0.038969 -0.019736 -0.015808 0.016535 -0.021068 0.043457 0.002476 
-0.103452 0.041114 -0.067342 -0.031538 0.164775 -0.010450 0.017764 -0.048800 0.060146 0.033212 0.017089 0.232864 0.221382 0.068765 -0.094242 -0.154309 0.032036 0.047878 0.089328 0.083457 0.059944 0.006837 -0.013374 0.008216 -0.057765 0.050479 -0.056940 -0.080565 0.092077 -0.072463 0.038962 -0.044579 -0.049687 -0.021340 
-0.076572 0.081075 -0.033317 -0.020971 0.094302 -0.034041 -0.028773 -0.020990 0.062879 -0.004812 0.042694 0.269653 0.165927 -0.023688 -0.070024 -0.062208 0.037346 0.017509 0.031441 -0.042677 -0.000912 0.047977 -0.026455 -0.021373 0.152569 0.025259 -0.093007 -0.161275 0.074059 -0.104021 0.013115 -0.060080 -0.078600 -0.061825 
-0.027274 0.094021 0.007451 0.027807 0.033667 -0.055512 -0.048916 -0.030411 0.046398 0.026810 0.048827 0.182220 0.090592 -0.055428 -0.042113 -0.006251 -0.039098 -0.007912 0.043605 -0.117684 -0.021809 0.041216 0.000375 0.044133 0.116332 0.038243 -0.067088 -0.139700 0.087530 -0.116035 0.005598 -0.005967 -0.043341 -0.050328 
0.030742 0.109430 0.056840 0.087196 -0.034530 -0.079819 -0.072562 -0.039943 0.027812 0.032002 0.029992 0.073215 -0.061322 -0.039735 0.057798 0.133421 -0.130911 -0.048227 0.010872 -0.097018 0.050605 -0.011097 0.096159 0.037070 0.057438 0.123946 -0.083439 -0.015614 0.072796 -0.131056 0.017443 0.026821 -0.021344 -0.012282 
0.093044 0.124036 0.100171 0.148348 -0.117462 -0.067033 -0.121594 -0.051787 0.096767 0.033389 0.018451 -0.060749 -0.186526 -0.053259 0.153817 0.281394 -0.277504 -0.103202 -0.026417 -0.078494 0.129109 0.023603 0.135395 0.051516 0.023122 0.137665 -0.064084 0.147292 0.111003 -0.175142 0.005537 -0.015206 0.000669 0.094358 
-0.063236 0.007581 -0.078927 0.001350 0.074495 -0.008034 0.013296 -0.007441 -0.092158 -0.017305 0.028638 0.028363 0.046205 0.038278 0.011535 -0.034722 0.010499 -0.056217 0.028015 0.025307 -0.029969 0.041495 -0.067475 0.069548 -0.058647 0.050389 -0.018092 -0.072370 -0.119612 0.222261 0.008907 -0.031197 0.039556 -0.034833 
-0.085516 -0.005815 -0.113564 -0.057640 0.055199 -0.039024 0.034031 -0.007015 -0.086451 -0.041203 0.038975 0.019372 0.024575 0.070727 0.033389 0.040371 0.018992 -0.047516 0.021839 0.009322 -0.058179 0.033090 -0.028593 0.023012 -0.015478 0.029513 -0.013555 -0.046781 -0.120784 0.091910 -0.027437 -0.028389 0.027088 -0.013612 
-0.115220 -0.019110 -0.144954 -0.112090 0.049653 -0.067968 0.057305 -0.008714 -0.079500 -0.058769 0.056221 0.002770 0.006876 0.113788 0.073894 0.095674 0.017118 -0.062627 0.017603 0.018014 -0.043159 0.031518 0.032876 -0.022164 0.012103 0.005776 -0.004338 0.012561 -0.109463 -0.006186 -0.053362 -0.033504 0.007940 0.019066 
-0.141177 -0.029607 -0.172021 -0.166314 0.036690 -0.081427 0.073354 -0.019113 -0.078207 -0.082730 0.075740 -0.022337 0.000020 0.155280 0.109312 0.156767 0.017677 -0.074973 0.028846 0.028072 -0.032439 0.044384 0.081161 -0.070097 0.090369 -0.029626 -0.002419 0.042605 -0.102799 -0.094864 -0.080551 -0.068098 -0.006621 0.051382 
-0.072747 -0.018257 -0.087196 -0.048650 0.054840 0.004443 0.028912 0.036797 -0.041014 0.011370 0.082568 0.015095 -0.029340 0.148096 0.125185 0.064385 -0.008249 0.017903 0.003359 -0.096211 0.021082 0.024419 0.004242 -0.070814 -0.010593 -0.049249 -0.028045 0.218333 -0.029774 0.061295 -0.073229 0.037613 -0.089876 0.069006 
-0.073705 -0.013861 -0.129634 -0.075818 0.034431 -0.065843 0.021147 0.042293 -0.046147 0.011126 0.075071 -0.042058 -0.027302 0.095432 0.068963 0.074266 0.009192 0.031826 0.012753 -0.055743 0.026823 -0.043121 -0.007143 -0.041821 -0.027419 -0.067665 0.020758 0.130940 0.006623 -0.036078 -0.045536 0.033448 -0.088975 0.080464 
-0.086115 -0.020004 -0.157659 -0.096282 0.020618 -0.095622 0.014156 0.028579 -0.040885 0.007301 0.039376 -0.079020 -0.025515 0.054678 0.043060 0.054357 0.053722 0.000073 0.045587 -0.052640 0.021116 -0.092900 -0.030113 -0.013777 -0.036601 -0.065663 0.080486 -0.036477 0.052643 -0.094752 -0.042611 -0.007421 -0.019445 0.085122 
-0.080041 -0.025517 -0.126527 -0.071601 0.038541 -0.065516 -0.001037 0.007149 -0.058474 -0.004992 0.030566 -0.093327 -0.014746 0.048367 0.003416 0.086169 0.024580 -0.011188 0.081264 -0.001870 -0.013680 -0.155201 0.000537 -0.054714 -0.008149 -0.013330 0.081304 -0.109195 0.025411 -0.046703 -0.034766 0.057185 0.054192 0.080605 
-0.075371 -0.018886 -0.095923 -0.035946 0.058275 -0.030064 -0.015766 0.003648 -0.079284 -0.014867 0.018033 -0.107194 -0.042189 0.023862 0.001469 0.108217 -0.003064 -0.014296 0.116925 0.012962 -0.071393 -0.159746 0.017660 -0.106112 -0.041247 0.070019 0.070533 -0.113799 -0.020199 0.009624 -0.051518 0.128954 0.126457 0.081808 
0.035339 -0.134456 -0.014287 0.086760 -0.044897 -0.034672 -0.063951 0.055913 -0.036318 -0.032647 -0.136819 -0.060579 -0.101784 -0.004277 -0.034346 0.000548 0.027637 0.026813 0.016042 -0.008407 -0.023550 0.001424 -0.027070 0.033673 -0.003304 -0.004466 0.010581 0.099953 -0.109467 0.057326 0.002352 0.048698 -0.060537 -0.042550 
0.008474 -0.110056 -0.001996 0.070660 -0.021094 -0.000770 -0.067761 0.044228 0.017230 -0.033416 -0.102017 -0.111225 -0.072331 -0.034646 -0.048307 0.024633 0.020444 0.051523 0.049725 0.015241 0.007379 0.033419 -0.004891 0.003091 0.061483 0.007052 -0.025481 0.058352 -0.100423 0.065200 -0.021326 -0.015988 -0.052431 -0.030419 
-0.001250 -0.091521 0.007846 0.050536 -0.001359 -0.001163 -0.063012 0.037516 0.028207 -0.037446 -0.083330 -0.115922 -0.069336 -0.026467 -0.067778 0.024341 0.013219 0.067227 0.030756 -0.012986 0.021624 0.005831 0.005013 -0.050731 0.024301 0.040770 -0.031192 0.023649 -0.070938 0.057544 -0.063808 -0.037583 -0.032579 -0.031153 
-0.003188 -0.067678 -0.003181 0.024274 0.018198 0.008183 -0.061539 0.052836 0.060859 0.010724 -0.077065 -0.139374 -0.089891 -0.070291 -0.040024 0.017099 0.015084 -0.005166 0.025991 -0.046047 -0.026369 -0.027818 -0.024075 -0.019320 -0.055155 0.045590 0.025933 -0.036320 -0.038285 0.064880 -0.072766 -0.000435 -0.029856 -0.019278 
-0.001632 -0.090963 -0.010550 0.056896 0.008263 -0.016055 -0.054701 0.063122 0.033815 -0.010880 -0.080878 -0.140177 -0.064902 -0.031296 -0.053626 -0.005617 0.025418 0.005054 0.045179 0.014608 -0.015774 0.016817 -0.013697 -0.037691 -0.053809 0.022587 0.044715 0.017611 -0.064664 0.110886 -0.019575 0.034052 -0.023779 0.024249 
0.004844 -0.108400 -0.024666 0.067612 -0.012253 -0.024483 -0.065227 0.071017 0.033748 -0.022028 -0.099254 -0.129117 -0.068436 -0.028536 -0.036256 0.002247 0.025930 0.010073 0.070291 0.037249 -0.013167 0.022652 -0.033333 0.006916 -0.016059 -0.020446 0.043318 0.081874 -0.078341 0.104176 0.012765 0.068753 -0.043152 0.033414 
-0.006754 0.063543 -0.031936 0.009970 0.062196 -0.017059 -0.053203 0.044582 0.070738 0.012491 -0.041665 0.014785 -0.052230 0.033096 0.064717 -0.065970 0.039807 0.015630 -0.020882 -0.045432 -0.034166 -0.010567 -0.001533 0.071142 0.002473 0.013628 -0.032320 -0.061306 -0.016443 0.164320 -0.051598 0.051550 0.080469 0.022551 
0.004038 0.072279 -0.005277 0.042397 0.017052 -0.013680 -0.075714 0.087558 0.062265 -0.008070 -0.038533 0.014336 -0.069625 0.037086 0.041669 -0.060680 0.002783 0.011368 -0.051936 -0.004359 0.028254 0.026922 -0.005160 0.046726 0.034119 -0.007781 -0.031095 -0.023191 -0.036858 0.146624 -0.047966 -0.071729 0.014563 -0.004290 
0.015728 0.081586 -0.011175 0.042085 -0.002466 -0.036293 -0.082628 0.103731 0.069599 -0.023306 -0.052892 0.014443 -0.089874 0.030662 0.025893 -0.035720 0.011614 0.004929 -0.052622 0.035938 0.049130 -0.008867 -0.051695 0.023676 0.029354 0.000404 -0.011337 -0.076263 -0.003852 0.097296 -0.045922 -0.133684 -0.027090 -0.042830 
0.035564 0.097871 -0.030549 0.055960 -0.042761 -0.058150 -0.078759 0.116137 0.063382 -0.012551 -0.066768 0.012880 -0.115120 0.014785 0.027716 -0.032048 0.035473 -0.020467 -0.064746 0.016396 0.045465 -0.002379 -0.122896 0.011698 0.002888 -0.017324 0.046346 -0.135652 0.032937 0.035656 -0.041382 -0.126514 -0.018785 -0.032252 
0.011458 0.083927 -0.034733 0.031560 0.004947 -0.036332 -0.072055 0.096243 0.084437 -0.006553 -0.049039 -0.027387 -0.083510 0.032854 0.029032 -0.062514 0.028144 -0.014374 -0.048835 0.027979 0.043573 -0.020216 -0.043290 0.008442 0.012682 -0.012602 0.041400 -0.105924 0.031089 0.125342 -0.010886 -0.076459 0.022282 0.023459 
0.002727 0.074207 -0.031027 0.030604 0.029359 -0.020079 -0.073435 0.083545 0.083855 0.009592 -0.035758 -0.024573 -0.051983 0.046508 0.031394 -0.070430 0.028217 -0.000456 -0.039915 -0.004478 0.006469 0.007422 0.021466 0.050559 0.024224 -0.028139 0.006216 -0.056144 -0.009491 0.167651 0.004071 0.010985 0.052468 0.071946 
-0.055050 -0.050404 0.203144 -0.045416 -0.013727 0.097255 -0.065497 0.021572 -0.080741 -0.000308 0.018938 0.070596 -0.093546 -0.047484 -0.098869 0.162935 0.122200 0.046595 0.027801 -0.011852 -0.037062 -0.083207 0.074235 0.043433 0.045231 0.012360 -0.042850 -0.015816 -0.090173 -0.012548 0.008907 0.048637 -0.008896 -0.103615 
-0.084461 -0.034496 0.080294 -0.055585 -0.075870 0.124099 -0.041557 -0.051070 -0.020576 0.012335 0.039022 0.053501 -0.019909 -0.001081 -0.024901 0.031110 0.095985 0.026288 -0.084027 0.038927 -0.018449 0.008967 0.061467 0.076255 0.100276 0.002818 0.038878 0.022874 0.018754 -0.060577 -0.055366 0.035180 0.024067 0.008747 
-0.092238 -0.025340 -0.026703 -0.058539 -0.056942 0.142185 0.006579 -0.057832 0.041069 0.001489 0.050084 -0.005332 -0.047044 0.015466 -0.004700 -0.022511 0.042703 0.021912 -0.073140 -0.019511 -0.024093 0.086289 -0.063627 -0.036060 0.083884 -0.013058 0.083098 0.047784 0.147547 -0.124142 -0.117008 -0.078857 0.003674 0.047557 
-0.084360 -0.001136 -0.040874 -0.052465 -0.057986 0.134954 -0.000404 -0.042109 0.048866 0.002650 0.050402 -0.011516 -0.069048 -0.005903 -0.024922 -0.046940 0.032205 0.031471 -0.063000 0.045365 -0.027475 0.039910 -0.051013 -0.002841 0.056038 -0.001806 0.104802 0.059920 0.152143 -0.123412 -0.100787 -0.027001 0.020606 0.032828 
-0.085775 0.029929 -0.033594 -0.058881 -0.047791 0.144293 -0.001103 -0.037896 0.041603 0.010762 0.012248 -0.010324 -0.064871 0.026370 -0.039789 -0.090299 -0.014222 0.032182 -0.093331 0.062330 -0.027893 0.062620 -0.054661 -0.009681 0.007072 0.007891 0.136911 0.086206 0.165947 -0.093350 -0.098044 -0.001978 0.027243 0.009836 
-0.073879 0.038896 0.034615 -0.067721 -0.043886 0.140583 -0.042339 -0.001502 0.026016 0.015866 0.031295 0.047813 -0.038312 -0.032918 -0.079118 -0.009825 0.016353 -0.052989 -0.049296 0.074203 0.001761 0.113223 -0.039319 -0.077639 -0.064962 0.028667 0.166287 0.035231 0.142423 -0.009422 -0.028867 0.003527 0.065225 0.013694 
-0.027453 0.058493 0.159668 -0.066289 -0.025718 0.104398 -0.076370 0.061255 -0.058528 0.052842 0.103374 0.115600 -0.096426 -0.123942 -0.145026 0.058913 0.021222 -0.117921 0.041780 0.138874 0.031337 -0.005242 0.024404 -0.129934 -0.011609 0.020108 0.089976 -0.008702 -0.008744 0.123305 0.138571 -0.005986 0.039171 -0.022151 
-0.088899 0.034398 0.106250 -0.057768 -0.071891 0.015466 0.020031 0.030935 0.050587 0.069453 -0.011065 0.016171 0.037801 -0.032934 -0.030338 -0.070976 -0.087630 -0.076907 0.069628 0.043356 0.017012 0.023913 -0.029259 -0.068817 -0.113997 -0.037770 0.008577 -0.013656 -0.038674 0.062743 0.120088 0.021469 0.021171 0.007795 
-0.109945 0.021761 0.030239 -0.011951 -0.104645 -0.027834 0.095168 -0.024485 0.119145 0.060553 -0.088233 -0.078382 0.056493 -0.031180 0.039520 -0.109859 -0.150072 0.004396 -0.000041 -0.026983 0.020926 -0.005092 0.010187 -0.013243 -0.085608 -0.037245 -0.064883 -0.035291 -0.094674 -0.000766 0.103452 0.078683 0.036043 -0.025662 
-0.107197 -0.017126 0.024106 -0.004717 -0.116863 -0.056907 0.107185 -0.034666 0.134078 0.032277 -0.080400 -0.068885 0.037080 -0.029353 0.070937 -0.050060 -0.091941 0.015499 -0.030301 -0.031746 0.007765 -0.006201 0.006300 0.036336 -0.076701 -0.045143 -0.108460 -0.051464 -0.108793 -0.046019 0.100073 0.052220 0.031435 -0.061428 
-0.107850 -0.039255 0.034270 -0.007472 -0.109829 -0.040554 0.102537 -0.057544 0.124359 0.033628 -0.066160 -0.052709 0.049013 -0.008981 0.085800 -0.003865 -0.049751 0.012642 -0.028024 -0.092822 0.015565 -0.005337 -0.000605 0.005366 -0.042111 -0.052243 -0.146175 -0.099599 -0.096598 -0.043309 0.070501 0.007220 0.037579 -0.064918 
-0.088683 -0.064290 0.123532 -0.035069 -0.097757 0.002093 0.025202 -0.032030 0.055835 0.028991 -0.041641 0.028835 0.019530 0.004841 -0.022614 0.099943 0.006594 -0.009037 -0.040758 -0.091194 0.020507 -0.040418 0.056221 0.047819 -0.002577 -0.074078 -0.140148 -0.082896 -0.101507 -0.079880 0.023757 -0.015521 -0.032911 -0.068224 
-0.063886 -0.034982 0.223513 -0.077333 -0.014201 0.072194 -0.057722 0.017329 -0.073204 0.011157 0.057260 0.061967 -0.070237 -0.056346 -0.079919 0.134740 0.131373 0.020359 0.032963 0.050814 -0.059694 -0.071516 0.006434 0.081498 0.073186 -0.005771 -0.034859 -0.049069 -0.069904 -0.013643 0.004178 0.025246 -0.038653 -0.076895 
-0.080924 -0.024696 -0.018241 -0.030783 -0.055932 0.092065 0.005229 -0.027478 0.021324 -0.003096 0.022863 -0.011323 -0.007509 0.004194 0.038516 -0.005560 0.048321 0.003274 0.001107 -0.058584 -0.059629 -0.037340 0.011690 0.060003 0.120080 -0.032433 0.107251 0.037175 0.084594 0.035184 -0.026663 0.047375 0.025656 0.033504 
-0.078309 0.001433 -0.034905 -0.035688 -0.064684 0.089722 -0.001399 -0.017663 0.034927 -0.000661 0.031879 -0.023444 -0.019955 -0.013600 0.012575 -0.044795 0.018149 0.022439 0.007558 -0.015656 -0.066651 -0.050585 0.022662 0.082935 0.095369 -0.030967 0.128831 0.073973 0.093289 0.018814 -0.016791 0.087880 0.021129 0.055894 
-0.073380 0.040932 -0.024526 -0.032814 -0.050636 0.110492 -0.004773 -0.014273 0.033676 0.014241 -0.000776 -0.018051 -0.024845 -0.002339 0.005766 -0.085265 -0.025374 0.005552 -0.013804 0.002372 -0.052583 -0.035016 0.020722 0.077059 0.027910 -0.008706 0.162561 0.098132 0.114193 0.084098 -0.015735 0.118633 0.049680 0.016932 
-0.046935 0.043412 0.184233 -0.071390 -0.026979 0.083678 -0.052852 0.041779 -0.051694 0.068071 0.061708 0.114022 -0.082867 -0.092052 -0.138562 0.056357 0.034715 -0.111409 0.029575 0.089474 0.026125 0.021551 0.077604 -0.088792 0.010689 0.022558 0.075720 -0.021991 -0.009547 0.083017 0.132842 0.026745 0.073949 0.002152 
-0.108487 0.032685 0.046353 -0.022999 -0.076747 0.015032 0.086534 -0.006608 0.063631 0.038157 -0.043814 -0.076530 0.032256 -0.026044 0.053164 -0.096897 -0.097591 0.033289 -0.060794 0.063380 0.067804 0.037170 -0.040331 -0.045195 -0.078719 -0.004905 -0.082578 -0.014444 -0.109716 -0.026975 0.057471 -0.006083 0.040264 -0.072279 
-0.109599 -0.009214 0.038652 -0.020047 -0.084296 -0.009307 0.099167 -0.016158 0.075374 0.022203 -0.035533 -0.054084 0.042342 -0.032913 0.063315 -0.040933 -0.071060 0.042743 -0.072313 0.031636 0.066433 0.039246 -0.056892 -0.044515 -0.056593 -0.019947 -0.119815 -0.036378 -0.108727 -0.085368 0.050747 -0.032258 0.015263 -0.062072 
-0.106660 -0.035845 0.056464 -0.019777 -0.078677 0.007569 0.093025 -0.030981 0.066887 0.018053 -0.024152 -0.042553 0.058838 -0.007057 0.077173 -0.002806 -0.037942 0.025732 -0.084207 -0.013041 0.074800 0.058929 -0.067543 -0.079155 -0.029455 -0.027881 -0.142968 -0.082766 -0.099515 -0.069255 0.021189 -0.086940 0.011057 -0.076527 
0.016076 -0.101067 -0.008734 0.055517 -0.013350 -0.013244 -0.062745 0.054375 0.012271 -0.010961 -0.106942 -0.099976 -0.095838 -0.037284 -0.037185 0.008824 0.021361 0.010823 0.021017 -0.027227 -0.024960 -0.013197 -0.025572 0.007176 -0.029229 0.020562 0.018257 0.031816 -0.073876 0.061103 -0.035207 0.024132 -0.045197 -0.030914 
0.014405 0.080707 -0.031242 0.032965 0.009717 -0.037605 -0.065981 0.080360 0.067060 -0.000030 -0.054216 0.013832 -0.083675 0.023940 0.046216 -0.049009 0.037640 -0.002419 -0.042814 -0.014518 0.005649 -0.006473 -0.062214 0.041420 0.002681 -0.001848 0.007013 -0.098479 0.008247 0.099988 -0.046490 -0.037482 0.030842 -0.004851 
# The variances of the components (eigenvalues) of identity or combined identity and expression model
1
34
6
832.657823 703.779481 388.930371 283.264365 211.721083 184.126735 112.307322 106.477490 82.390456 77.866283 71.028735 57.640115 51.087451 39.541829 36.406035 32.766417 31.432758 26.685813 25.354028 21.280471 17.708040 15.023316 14.271221 12.630882 9.853043 9.212429 5.461808 2.497303 1.617748 1.158851 1.029169 0.845790 0.706743 0.664880 
